10
3
1
20
3
2
14
3
67
2342
32
333
444
2
666
5
103
3213
345
123
3
5
7
4
546
57
45234
12343
565
657
23
154
657
3
32
435
67
567
23
123
345
67
567
3
23
23
56
456
7
46
34
65
78
0
890
768
67
45
645
234
324
5
6657
68
4
5
543
23
4
4356
7768
45
23
324
435
4
355
6
78
89
4123
123
12
312
3
213
213
32
21
2
12
45
54
6
657
67
8
87
54654
6
768
6
7655
44
6565
324
657
435
34
5435
4
535
43
453
5
65
765
56778
65
54
234
543
543
5
34
543
12
356
56
768
67
887
9768656
45
768
435
435
345
345
543
65
7
76
764
554
3
45
7
68
90
8
8
54
534
342
32
453
6
769
8
98
6
765454
34
43
243
25
76
76
